2.44949 -0.407573 -0.408383 -0.408383 -0.408383 -0.408383 -0.408383  1
2.44949 -0.407713 -0.408355 -0.408355 -0.408355 -0.408355 -0.408355  1
2.44949 -0.407707 -0.408356 -0.408357 -0.408357 -0.408357 -0.408357  1
2.44949 -0.40769 -0.40836 -0.40836 -0.40836 -0.40836 -0.40836  1
2.44949 -0.407678 -0.408362 -0.408362 -0.408362 -0.408362 -0.408362  1
2.44949 -0.4077 -0.408358 -0.408358 -0.408358 -0.408358 -0.408358  1
2.44949 -0.407696 -0.408359 -0.408359 -0.408359 -0.408359 -0.408359  1
2.44949 -0.40768 -0.408362 -0.408362 -0.408362 -0.408362 -0.408362  1
2.44949 -0.407869 -0.408324 -0.408324 -0.408324 -0.408324 -0.408324  1
2.44949 -0.407664 -0.408365 -0.408365 -0.408365 -0.408365 -0.408365  1
2.44949 -0.406701 -0.408557 -0.408558 -0.408558 -0.408558 -0.408558  1
2.44949 -0.407746 -0.408349 -0.408349 -0.408349 -0.408349 -0.408349  1
2.44949 -0.407641 -0.40837 -0.40837 -0.40837 -0.40837 -0.40837  1
2.44949 -0.407494 -0.408399 -0.408399 -0.408399 -0.408399 -0.408399  1
2.44949 -0.407362 -0.408425 -0.408425 -0.408426 -0.408426 -0.408426  1
2.44949 -0.407197 -0.408458 -0.408458 -0.408458 -0.408458 -0.408458  1
2.44949 -0.407288 -0.40844 -0.40844 -0.40844 -0.40844 -0.40844  1
2.44949 -0.407558 -0.408386 -0.408386 -0.408386 -0.408386 -0.408386  1
2.44949 -0.407545 -0.408389 -0.408389 -0.408389 -0.408389 -0.408389  1
2.44949 -0.407516 -0.408395 -0.408395 -0.408395 -0.408395 -0.408395  1
2.44949 -0.407456 -0.408407 -0.408407 -0.408407 -0.408407 -0.408407  1
2.44949 -0.407375 -0.408423 -0.408423 -0.408423 -0.408423 -0.408423  1
2.44949 -0.407473 -0.408403 -0.408403 -0.408403 -0.408403 -0.408403  1
2.44949 -0.40747 -0.408404 -0.408404 -0.408404 -0.408404 -0.408404  1
2.44949 -0.407402 -0.408417 -0.408418 -0.408418 -0.408418 -0.408418  1
2.44949 -0.407665 -0.408365 -0.408365 -0.408365 -0.408365 -0.408365  1
2.44949 -0.40764 -0.40837 -0.40837 -0.40837 -0.40837 -0.40837  1
2.44949 -0.407642 -0.408369 -0.40837 -0.40837 -0.40837 -0.40837  1
2.44949 -0.407668 -0.408364 -0.408364 -0.408364 -0.408364 -0.408364  1
2.44949 -0.407636 -0.408371 -0.408371 -0.408371 -0.408371 -0.408371  1
2.44949 -0.407097 -0.408479 -0.408478 -0.408479 -0.408479 -0.408479  1
2.44949 -0.407206 -0.408457 -0.408457 -0.408457 -0.408457 -0.408457  1
2.44949 -0.407163 -0.408465 -0.408465 -0.408465 -0.408465 -0.408465  1
2.44949 -0.407287 -0.40844 -0.40844 -0.40844 -0.40844 -0.40844  1
2.44949 -0.407228 -0.408452 -0.408452 -0.408452 -0.408452 -0.408452  1
2.44949 -0.408012 -0.408295 -0.408296 -0.408296 -0.408296 -0.408296  1
2.44949 -0.407984 -0.408301 -0.408301 -0.408301 -0.408301 -0.408301  1
2.44949 -0.40797 -0.408304 -0.408304 -0.408304 -0.408304 -0.408304  1
2.44949 -0.407963 -0.408305 -0.408305 -0.408305 -0.408305 -0.408305  1
2.44949 -0.407766 -0.408344 -0.408345 -0.408345 -0.408345 -0.408345  1
2.44949 -0.407772 -0.408343 -0.408344 -0.408344 -0.408344 -0.408344  1
2.44949 -0.407745 -0.408349 -0.408349 -0.408349 -0.408349 -0.408349  1
2.44949 -0.407596 -0.408379 -0.408379 -0.408379 -0.408379 -0.408379  1
2.44949 -0.407542 -0.408389 -0.408389 -0.408389 -0.408389 -0.408389  1
2.44949 -0.40784 -0.40833 -0.40833 -0.40833 -0.40833 -0.40833  1
2.44949 -0.407889 -0.40832 -0.40832 -0.40832 -0.40832 -0.40832  1
2.44949 -0.407879 -0.408322 -0.408322 -0.408322 -0.408322 -0.408322  1
2.44949 -0.407825 -0.408333 -0.408333 -0.408333 -0.408333 -0.408333  1
2.44949 -0.407736 -0.408351 -0.408351 -0.408351 -0.408351 -0.408351  1
2.44949 -0.404287 -0.409039 -0.409039 -0.40904 -0.40904 -0.40904  2
2.44949 -0.404409 -0.409015 -0.409015 -0.409016 -0.409016 -0.409016  2
2.44949 -0.404679 -0.408961 -0.408961 -0.408962 -0.408962 -0.408962  2
2.44949 -0.404552 -0.408987 -0.408987 -0.408987 -0.408987 -0.408987  2
2.44949 -0.404344 -0.409028 -0.409028 -0.409029 -0.409029 -0.409029  2
2.44949 -0.404496 -0.408998 -0.408998 -0.408998 -0.408998 -0.408998  2
2.44949 -0.40521 -0.408855 -0.408855 -0.408856 -0.408856 -0.408856  2
2.44949 -0.405247 -0.408848 -0.408848 -0.408848 -0.408848 -0.408848  2
2.44949 -0.405075 -0.408882 -0.408882 -0.408883 -0.408883 -0.408883  2
2.44949 -0.404666 -0.408964 -0.408964 -0.408964 -0.408964 -0.408964  2
2.44949 -0.404854 -0.408926 -0.408927 -0.408927 -0.408927 -0.408927  2
2.44949 -0.405212 -0.408855 -0.408855 -0.408855 -0.408855 -0.408855  2
2.44949 -0.405814 -0.408734 -0.408735 -0.408735 -0.408735 -0.408735  2
2.44949 -0.405085 -0.40888 -0.408881 -0.408881 -0.408881 -0.408881  2
2.44949 -0.405057 -0.408886 -0.408886 -0.408886 -0.408886 -0.408886  2
2.44949 -0.404659 -0.408966 -0.408966 -0.408966 -0.408966 -0.408966  2
2.44949 -0.40412 -0.409073 -0.409073 -0.409073 -0.409073 -0.409073  2
2.44949 -0.404264 -0.409044 -0.409044 -0.409044 -0.409044 -0.409044  2
2.44949 -0.404587 -0.40898 -0.40898 -0.40898 -0.40898 -0.40898  2
2.44949 -0.405086 -0.40888 -0.40888 -0.40888 -0.40888 -0.40888  2
2.44948 -0.401497 -0.409595 -0.409597 -0.409597 -0.409597 -0.409597  2
2.44949 -0.403581 -0.409181 -0.409181 -0.409181 -0.409181 -0.409181  2
2.44949 -0.404118 -0.409073 -0.409074 -0.409074 -0.409074 -0.409074  2
2.44947 -0.398881 -0.410113 -0.410118 -0.41012 -0.41012 -0.41012  2
2.44948 -0.403432 -0.40921 -0.40921 -0.409211 -0.409211 -0.409211  2
2.44949 -0.405551 -0.408786 -0.408787 -0.408788 -0.408788 -0.408788  2
2.44948 -0.403118 -0.409273 -0.409273 -0.409274 -0.409274 -0.409274  2
2.44949 -0.405218 -0.408853 -0.408854 -0.408854 -0.408854 -0.408854  2
2.44949 -0.405034 -0.408889 -0.408891 -0.408891 -0.408891 -0.408891  2
2.44949 -0.405625 -0.408772 -0.408773 -0.408773 -0.408773 -0.408773  2
2.44949 -0.404856 -0.408926 -0.408926 -0.408927 -0.408927 -0.408927  2
2.44949 -0.404737 -0.408947 -0.40895 -0.408951 -0.408951 -0.408951  2
2.44949 -0.404946 -0.408908 -0.408908 -0.408909 -0.408909 -0.408909  2
2.44949 -0.404422 -0.409012 -0.409013 -0.409013 -0.409013 -0.409013  2
2.44949 -0.405576 -0.408782 -0.408781 -0.408783 -0.408783 -0.408783  2
2.44949 -0.404772 -0.408943 -0.408943 -0.408943 -0.408943 -0.408943  2
2.44949 -0.404827 -0.408932 -0.408932 -0.408932 -0.408932 -0.408932  2
2.44949 -0.404548 -0.408987 -0.408987 -0.408988 -0.408988 -0.408988  2
2.44949 -0.404649 -0.408967 -0.408967 -0.408968 -0.408968 -0.408968  2
2.44949 -0.404909 -0.408915 -0.408916 -0.408916 -0.408916 -0.408916  2
2.44949 -0.405694 -0.408759 -0.408759 -0.408759 -0.408759 -0.408759  2
2.44949 -0.405585 -0.40878 -0.40878 -0.408781 -0.408781 -0.408781  2
2.44949 -0.405684 -0.40876 -0.40876 -0.408761 -0.408761 -0.408761  2
2.44949 -0.405793 -0.408738 -0.408738 -0.40874 -0.40874 -0.40874  2
2.44949 -0.405421 -0.408813 -0.408813 -0.408814 -0.408814 -0.408814  2
2.44949 -0.405588 -0.40878 -0.40878 -0.40878 -0.40878 -0.40878  2
2.44949 -0.405878 -0.408722 -0.408722 -0.408722 -0.408722 -0.408722  2
2.44949 -0.406962 -0.408505 -0.408506 -0.408506 -0.408506 -0.408506  2
2.44949 -0.40598 -0.408702 -0.408702 -0.408702 -0.408702 -0.408702  2
2.44949 -0.405741 -0.408749 -0.408749 -0.40875 -0.40875 -0.40875  2
2.44949 -0.405835 -0.40873 -0.40873 -0.408731 -0.408731 -0.408731  2
2.44949 -0.405977 -0.408702 -0.408702 -0.408703 -0.408703 -0.408703  2
2.44949 -0.407781 -0.408341 -0.408342 -0.408342 -0.408342 -0.408342  3
2.44949 -0.407832 -0.408331 -0.408332 -0.408332 -0.408332 -0.408332  3
2.44949 -0.407938 -0.40831 -0.40831 -0.40831 -0.40831 -0.40831  3
2.44949 -0.407952 -0.408307 -0.408308 -0.408308 -0.408308 -0.408308  3
2.44949 -0.408064 -0.408285 -0.408285 -0.408285 -0.408285 -0.408285  3
2.44949 -0.407683 -0.408361 -0.408361 -0.408361 -0.408361 -0.408361  3
2.44949 -0.407986 -0.408301 -0.408301 -0.408301 -0.408301 -0.408301  3
2.44949 -0.408011 -0.408296 -0.408296 -0.408296 -0.408296 -0.408296  3
2.44949 -0.407438 -0.40841 -0.40841 -0.40841 -0.40841 -0.40841  3
2.44949 -0.407741 -0.408349 -0.40835 -0.40835 -0.40835 -0.40835  3
2.44949 -0.407983 -0.408301 -0.408301 -0.408301 -0.408301 -0.408301  3
2.44949 -0.40813 -0.408272 -0.408272 -0.408272 -0.408272 -0.408272  3
2.44949 -0.407717 -0.408354 -0.408355 -0.408355 -0.408355 -0.408355  3
2.44949 -0.407983 -0.408301 -0.408301 -0.408301 -0.408301 -0.408301  3
2.44949 -0.408024 -0.408293 -0.408293 -0.408293 -0.408293 -0.408293  3
2.44949 -0.407673 -0.408363 -0.408363 -0.408363 -0.408363 -0.408363  3
2.44949 -0.407659 -0.408366 -0.408366 -0.408366 -0.408366 -0.408366  3
2.44949 -0.407661 -0.408365 -0.408366 -0.408366 -0.408366 -0.408366  3
2.44949 -0.408133 -0.408271 -0.408271 -0.408271 -0.408271 -0.408271  3
2.44949 -0.408184 -0.408261 -0.408261 -0.408261 -0.408261 -0.408261  3
2.44949 -0.407862 -0.408325 -0.408326 -0.408326 -0.408326 -0.408326  3
2.44949 -0.408003 -0.408297 -0.408297 -0.408297 -0.408297 -0.408297  3
2.44949 -0.407938 -0.40831 -0.40831 -0.40831 -0.40831 -0.40831  3
2.44949 -0.408031 -0.408292 -0.408292 -0.408292 -0.408292 -0.408292  3
2.44949 -0.407635 -0.408371 -0.408371 -0.408371 -0.408371 -0.408371  3
2.44949 -0.40708 -0.408482 -0.408482 -0.408482 -0.408482 -0.408482  3
2.44949 -0.407352 -0.408427 -0.408427 -0.408428 -0.408428 -0.408428  3
2.44949 -0.407971 -0.408303 -0.408304 -0.408304 -0.408304 -0.408304  3
2.44949 -0.408045 -0.408289 -0.408289 -0.408289 -0.408289 -0.408289  3
2.44949 -0.407969 -0.408304 -0.408304 -0.408304 -0.408304 -0.408304  3
2.44949 -0.408227 -0.408252 -0.408252 -0.408252 -0.408252 -0.408252  3
2.44949 -0.40795 -0.408308 -0.408308 -0.408308 -0.408308 -0.408308  3
2.44949 -0.408137 -0.40827 -0.408271 -0.408271 -0.408271 -0.408271  3
2.44949 -0.408195 -0.408259 -0.408259 -0.408259 -0.408259 -0.408259  3
2.44949 -0.408229 -0.408252 -0.408252 -0.408252 -0.408252 -0.408252  3
2.44949 -0.40822 -0.408254 -0.408254 -0.408254 -0.408254 -0.408254  3
2.44949 -0.408115 -0.408275 -0.408275 -0.408275 -0.408275 -0.408275  3
2.44949 -0.407868 -0.408324 -0.408324 -0.408324 -0.408324 -0.408324  3
2.44949 -0.408008 -0.408296 -0.408296 -0.408296 -0.408296 -0.408296  3
2.44949 -0.408193 -0.408259 -0.408259 -0.408259 -0.408259 -0.408259  3
2.44949 -0.408158 -0.408266 -0.408266 -0.408266 -0.408266 -0.408266  3
2.44949 -0.407914 -0.408315 -0.408315 -0.408315 -0.408315 -0.408315  3
2.44949 -0.408115 -0.408275 -0.408275 -0.408275 -0.408275 -0.408275  3
2.44949 -0.408189 -0.40826 -0.40826 -0.40826 -0.40826 -0.40826  3
2.44949 -0.408186 -0.408261 -0.408261 -0.408261 -0.408261 -0.408261  3
2.44949 -0.408085 -0.408281 -0.408281 -0.408281 -0.408281 -0.408281  3
2.44949 -0.407973 -0.408303 -0.408303 -0.408303 -0.408303 -0.408303  3
2.44949 -0.40792 -0.408314 -0.408314 -0.408314 -0.408314 -0.408314  3
2.44949 -0.407994 -0.408299 -0.408299 -0.408299 -0.408299 -0.408299  3
2.44949 -0.408194 -0.408259 -0.408259 -0.408259 -0.408259 -0.408259  3
2.44949 -0.408069 -0.408284 -0.408284 -0.408284 -0.408284 -0.408284  3
2.44949 -0.407933 -0.408311 -0.408311 -0.408311 -0.408311 -0.408311  3
2.44949 -0.40816 -0.408266 -0.408266 -0.408266 -0.408266 -0.408266  3
2.44949 -0.40821 -0.408256 -0.408256 -0.408256 -0.408256 -0.408256  3
2.44949 -0.408182 -0.408261 -0.408262 -0.408262 -0.408262 -0.408262  3
2.44949 -0.408018 -0.408294 -0.408294 -0.408294 -0.408294 -0.408294  3
2.44949 -0.40799 -0.4083 -0.4083 -0.4083 -0.4083 -0.4083  3
2.44949 -0.408007 -0.408296 -0.408297 -0.408297 -0.408297 -0.408297  3
2.44949 -0.407997 -0.408298 -0.408298 -0.408299 -0.408299 -0.408299  3
2.44949 -0.408056 -0.408287 -0.408287 -0.408287 -0.408287 -0.408287  3
2.44949 -0.407973 -0.408303 -0.408303 -0.408303 -0.408303 -0.408303  4
2.44949 -0.408136 -0.408271 -0.408271 -0.408271 -0.408271 -0.408271  4
2.44949 -0.408141 -0.40827 -0.40827 -0.40827 -0.40827 -0.40827  4
2.44949 -0.408141 -0.40827 -0.40827 -0.40827 -0.40827 -0.40827  4
2.44949 -0.408102 -0.408277 -0.408277 -0.408278 -0.408278 -0.408278  4
2.44949 -0.408103 -0.408277 -0.408277 -0.408277 -0.408277 -0.408277  4
2.44949 -0.408097 -0.408279 -0.408279 -0.408279 -0.408279 -0.408279  4
2.44949 -0.408109 -0.408276 -0.408276 -0.408276 -0.408276 -0.408276  4
2.44949 -0.408134 -0.408271 -0.408271 -0.408271 -0.408271 -0.408271  4
2.44949 -0.408142 -0.408269 -0.40827 -0.40827 -0.40827 -0.40827  4
2.44949 -0.408147 -0.408268 -0.408269 -0.408269 -0.408269 -0.408269  4
2.44949 -0.408129 -0.408272 -0.408272 -0.408272 -0.408272 -0.408272  4
2.44949 -0.40809 -0.40828 -0.40828 -0.40828 -0.40828 -0.40828  4
2.44949 -0.408144 -0.408269 -0.408269 -0.408269 -0.408269 -0.408269  4
2.44949 -0.408186 -0.408261 -0.408261 -0.408261 -0.408261 -0.408261  4
2.44949 -0.408132 -0.408271 -0.408271 -0.408272 -0.408272 -0.408272  4
2.44949 -0.40792 -0.408314 -0.408314 -0.408314 -0.408314 -0.408314  4
2.44949 -0.407945 -0.408309 -0.408309 -0.408309 -0.408309 -0.408309  4
2.44949 -0.407977 -0.408302 -0.408303 -0.408303 -0.408303 -0.408303  4
2.44949 -0.407997 -0.408298 -0.408299 -0.408299 -0.408299 -0.408299  4
2.44949 -0.408011 -0.408296 -0.408296 -0.408296 -0.408296 -0.408296  4
2.44949 -0.408051 -0.408288 -0.408288 -0.408288 -0.408288 -0.408288  4
2.44949 -0.408057 -0.408286 -0.408287 -0.408287 -0.408287 -0.408287  4
2.44949 -0.408048 -0.408288 -0.408288 -0.408288 -0.408288 -0.408288  4
2.44949 -0.408015 -0.408295 -0.408295 -0.408295 -0.408295 -0.408295  4
2.44949 -0.407987 -0.4083 -0.408301 -0.408301 -0.408301 -0.408301  4
2.44949 -0.407945 -0.408309 -0.408309 -0.408309 -0.408309 -0.408309  4
2.44949 -0.407887 -0.40832 -0.408321 -0.408321 -0.408321 -0.408321  4
2.44949 -0.407939 -0.40831 -0.40831 -0.40831 -0.40831 -0.40831  4
2.44949 -0.407926 -0.408313 -0.408313 -0.408313 -0.408313 -0.408313  4
2.44949 -0.407949 -0.408308 -0.408308 -0.408308 -0.408308 -0.408308  4
2.44949 -0.407951 -0.408308 -0.408308 -0.408308 -0.408308 -0.408308  4
2.44949 -0.407937 -0.40831 -0.408311 -0.408311 -0.408311 -0.408311  4
2.44949 -0.407954 -0.408307 -0.408307 -0.408307 -0.408307 -0.408307  4
2.44949 -0.407941 -0.40831 -0.40831 -0.40831 -0.40831 -0.40831  4
2.44949 -0.407907 -0.408316 -0.408317 -0.408317 -0.408317 -0.408317  4
2.44949 -0.407902 -0.408317 -0.408318 -0.408318 -0.408318 -0.408318  4
2.44949 -0.407909 -0.408316 -0.408316 -0.408316 -0.408316 -0.408316  4
2.44949 -0.40795 -0.408308 -0.408308 -0.408308 -0.408308 -0.408308  4
2.44949 -0.40802 -0.408294 -0.408294 -0.408294 -0.408294 -0.408294  4
2.44949 -0.408116 -0.408275 -0.408275 -0.408275 -0.408275 -0.408275  4
2.44949 -0.408101 -0.408278 -0.408278 -0.408278 -0.408278 -0.408278  4
2.44949 -0.407975 -0.408303 -0.408303 -0.408303 -0.408303 -0.408303  4
2.44949 -0.408042 -0.40829 -0.40829 -0.40829 -0.40829 -0.40829  4
2.44949 -0.408012 -0.408295 -0.408295 -0.408296 -0.408296 -0.408296  4
2.44949 -0.407994 -0.408299 -0.408299 -0.408299 -0.408299 -0.408299  4
2.44949 -0.407827 -0.408332 -0.408333 -0.408333 -0.408333 -0.408333  4
2.44949 -0.407829 -0.408332 -0.408332 -0.408332 -0.408332 -0.408332  4
2.44949 -0.407812 -0.408335 -0.408336 -0.408336 -0.408336 -0.408336  4
2.44949 -0.407819 -0.408334 -0.408334 -0.408334 -0.408334 -0.408334  4
2.44949 -0.407811 -0.408336 -0.408336 -0.408336 -0.408336 -0.408336  4
2.44949 -0.407842 -0.408329 -0.40833 -0.40833 -0.40833 -0.40833  4
2.44949 -0.407813 -0.408335 -0.408335 -0.408335 -0.408335 -0.408335  4
2.44949 -0.40783 -0.408332 -0.408332 -0.408332 -0.408332 -0.408332  4
2.44949 -0.407794 -0.408339 -0.408339 -0.408339 -0.408339 -0.408339  4
2.44949 -0.407842 -0.408329 -0.40833 -0.40833 -0.40833 -0.40833  4
2.44949 -0.407831 -0.408332 -0.408332 -0.408332 -0.408332 -0.408332  4
2.44949 -0.407801 -0.408338 -0.408338 -0.408338 -0.408338 -0.408338  4
2.44949 -0.407822 -0.408334 -0.408334 -0.408334 -0.408334 -0.408334  4
2.44949 -0.407808 -0.408336 -0.408336 -0.408336 -0.408336 -0.408336  4
2.44949 -0.407802 -0.408337 -0.408338 -0.408338 -0.408338 -0.408338  4
